[/home/zileto/Desktop/Khan Academy - All Reading Questions (68 Passages) .pdf]
page=199
offset=0
zoom=2.6591107091172508
rotate=0
pages-per-row=2
first-page-column=1:2
page-right-to-left=false
position-x=0.18450217347910017
position-y=0.99463552847322156
time=1629374144
jumplist=5 0.2428057553956835 0.028445258381980972 200 0.5 0.99558044536483425 0 0.5 0.0044195546351657646 25 0.44678055190538768 0.13700606211010577 75 0.42409373425181152 0.37826596920115896 89 0.44678055190538768 0.4459914601189498 198 0.75 0.98711743379281158 197 0.64612381483547132 0.98618042425873964 75 0.42423510508540591 0.37826161965104033 78 0.64612381483547132 0.39169989805218952 153 0.35387618516452873 0.76622845861858824 159 0.35387618516452873 0.80027313835653657 200 0.64612381483547132 0.99453411105124656 199 0.5 0.99453411105124656 85 0.35387618516452873 0.43036979336849451 82 0.64612381483547132 0.4128789487324851 85 0.35387618516452873 0.43036979336849451 111 0.28536440930244772 0.55647944143321859 117 0.35387618516452873 0.59364748628473996 200 0.64612381483547132 0.99453411105124656 183 0.35387618516452873 0.91926101181413378 85 0.10677209486862074 0.43036979336849451 111 0.28536440930244772 0.55647944143321859 114 0.5120091498284407 0.56773711068034394 111 0.4879908501715593 0.55647764337085792 67 0.29253112033195022 0.34034859166980552 67 0.29701040872149759 0.34217620342424332 67 0.29701040872149759 0.34269221926592941 152 0.63772847274128963 0.75692163489459585 39 0.32983866166401754 0.2009558600186459 67 0.29701040872149759 0.34217620342424332 152 0.63772847274128963 0.75692163489459585 39 0.32983866166401754 0.2009558600186459 67 0.29701040872149759 0.34217620342424332 152 0.63772847274128963 0.75692163489459585 39 0.32983866166401754 0.2009558600186459 67 0.29701040872149759 0.34217620342424332 152 0.63772847274128963 0.75692163489459585 39 0.32983866166401754 0.2009558600186459 67 0.29701040872149759 0.34217620342424332 1 0.40086830680173657 0.013922285760472023 20 0.75 0.10396039603960396 29 0.25 0.15346534653465346 24 0.75 0.12376237623762375 22 0.75 0.11386138613861387 21 0.25 0.11386138613861387 22 0.75 0.11386138613861387 21 0.25 0.11386138613861387 22 0.75 0.11386138613861387 22 0.59913169319826343 0.11386138613861387 21 0.25 0.11386138613861387 18 0.59913169319826343 0.096887917286950009 20 0.75 0.10396039603960396 21 0.25 0.11386138613861387 22 0.75 0.11386138613861387 21 0.25 0.11386138613861387 22 0.75 0.11386138613861387 2 0.59913169319826343 0.013922285760472023 11 0.25 0.064356435643564358 16 0.75 0.084158415841584164 18 0.75 0.09405940594059406 19 0.25 0.10396039603960396 20 0.75 0.10396039603960396 21 0.25 0.11386138613861387 20 0.75 0.10396039603960396 43 0.40086830680173657 0.22519945926577517 32 0.75 0.16336633663366337 37 0.25 0.19306930693069307 34 0.75 0.17326732673267328 35 0.25 0.18316831683168319 34 0.75 0.17326732673267328 35 0.25 0.18316831683168319 34 0.75 0.17326732673267328 35 0.25 0.18316831683168319 34 0.75 0.17326732673267328 35 0.25 0.18316831683168319 34 0.75 0.17326732673267328 35 0.25 0.18316831683168319 34 0.75 0.17326732673267328 35 0.25 0.18316831683168319 34 0.75 0.17326732673267328 35 0.25 0.18316831683168319 34 0.75 0.17326732673267328 35 0.25 0.18316831683168319 34 0.75 0.17326732673267328 35 0.25 0.18316831683168319 34 0.75 0.17326732673267328 35 0.25 0.18316831683168319 34 0.75 0.17326732673267328 35 0.25 0.18316831683168319 34 0.75 0.17326732673267328 35 0.25 0.18316831683168319 34 0.75 0.17326732673267328 35 0.25 0.18316831683168319 34 0.75 0.17326732673267328 35 0.25 0.18316831683168319 36 0.5 0.18495229890266335 132 0.58966108490415559 0.65627417516756092 

[Y6pMQFxbvdYuGFSL+5C0Shogrn9sbJDHg690l1BiVB0=]
page=199
offset=0
zoom=2.6591107091172508
rotate=0
pages-per-row=2
first-page-column=1:2
page-right-to-left=false
position-x=0.18450217347910017
position-y=0.99463552847322156
time=1629374144

[/home/zileto/Desktop/Khan Academy - All Math Questions .pdf]
page=4
offset=0
zoom=1.1049261523359064
rotate=0
pages-per-row=1
first-page-column=1:2
page-right-to-left=false
position-x=0.41355599214145383
position-y=0.0059693819565339928
time=1629057923
jumplist=

[1y5+CUmIJk2R4fNh58Qs+b0rKuy9OGBgfB36E2F9Y2s=]
page=4
offset=0
zoom=1.1049261523359064
rotate=0
pages-per-row=1
first-page-column=1:2
page-right-to-left=false
position-x=0.41355599214145383
position-y=0.0059693819565339928
time=1629057923

[/home/zileto/Desktop/2-5KSA09-Practice1.pdf]
page=17
offset=0
zoom=0.72051548409481248
rotate=0
pages-per-row=1
first-page-column=1:2
page-right-to-left=false
position-x=0.24590163934426235
position-y=0.27418496146915133
time=1629141597
jumplist=

[ssm1QhoX2TgeBycFIutm98jw2bVD4NUNZiqptGdMLt4=]
page=17
offset=0
zoom=0.72051548409481248
rotate=0
pages-per-row=1
first-page-column=1:2
page-right-to-left=false
position-x=0.24590163934426235
position-y=0.27418496146915133
time=1629141597

[/home/zileto/Desktop/Khan Academy - All Writing_Language Questions (48 Passages).pdf]
page=158
offset=0
zoom=1.5863092971714949
rotate=0
pages-per-row=1
first-page-column=1:2
page-right-to-left=false
position-x=0.5
position-y=0.99613521510780112
time=1629374005
jumplist=3 0.5 0.019747253906662113 104 0.15133125314674073 0.65516555820440392 126 0.75785024154589375 0.79584056377276347 153 0.5 0.96388699617380369 150 0.5274849397590361 0.94921117458986337 158 0.5 0.99600224831958073 

[igyz0jezgeDzYc8yoyXXOVvzE3LAQTsUPR7Hkm6UL6c=]
page=158
offset=0
zoom=1.5863092971714949
rotate=0
pages-per-row=1
first-page-column=1:2
page-right-to-left=false
position-x=0.5
position-y=0.99613521510780112
time=1629374005

[/home/zileto/Desktop/IvyGlobal-SAT_Grammar_Review.pdf]
page=5
offset=0
zoom=1
rotate=0
pages-per-row=1
first-page-column=1:2
page-right-to-left=false
position-x=0.68132464712269269
position-y=0.49660986539027407
time=1629294142
jumplist=0 0.5 0.063091140714325561 5 0.5 0.5 2 0.5 0.22727272727272727 1 0.5 0.13636363636363635 2 0.5 0.22727272727272727 1 0.5 0.13636363636363635 2 0.5 0.22727272727272727 1 0.5 0.13636363636363635 2 0.5 0.22727272727272727 1 0.5 0.13636363636363635 2 0.5 0.22727272727272727 1 0.5 0.13636363636363635 2 0.5 0.22727272727272727 3 0.5 0.31539338478840262 2 0.5 0.22727272727272727 1 0.5 0.13636363636363635 2 0.5 0.22727272727272727 1 0.5 0.13636363636363635 0 0.5 0.058379935604134896 1 0.5 0.13636363636363635 2 0.5 0.22727272727272727 3 0.5 0.28827933632204095 2 0.5 0.22727272727272727 1 0.5 0.13636363636363635 2 0.5 0.22727272727272727 1 0.5 0.13636363636363635 2 0.5 0.22727272727272727 1 0.5 0.13636363636363635 2 0.5 0.22727272727272727 4 0.5 0.41707106653725878 2 0.5 0.22727272727272727 3 0.5 0.31818181818181818 4 0.5 0.40909090909090906 7 0.5 0.69861068164885176 10 0.5 0.94766009852216748 0 0.5 0.038569189431258394 10 0.5 0.96145238894483609 10 0.5 0.94766009852216748 0 0.5 0.038569189431258394 4 0.5 0.40220555306762207 2 0.5 0.22038737124944022 6 0.5 0.58402373488580384 4 0.31867535287730731 0.42276488714587163 4 0.19118198698676958 0.37284588385875728 4 0.31141258413158002 0.37284588385875728 4 0.19118198698676958 0.37460778329820588 4 0.1323048952587767 0.37992445250513573 4 0.8212585850806291 0.37992445250513573 4 0.22185939341295691 0.38160376290836018 4 0.4479693905658102 0.38160376290836018 4 0.64116835838661668 0.38331060299032599 4 0.21986973798206455 0.38495693283841825 4 0.36896184430771706 0.38671883227786691 4 0.32929817181002929 0.38851055553595193 4 0.6316001527486228 0.38851055553595193 4 0.19118198698676958 0.39027245497540053 4 0.57000437952306271 0.39027245497540053 4 0.13013978197611292 0.39741153385565253 4 0.30564927745204473 0.39741153385565253 4 0.48601720345839861 0.39741153385565253 4 0.59015915235452598 0.39741153385565253 4 0.19118198698676958 0.40428850266460781 4 0.40703567516789319 0.40428850266460781 4 0.19118198698676958 0.40605040210405641 4 0.41803186192142189 0.40605040210405641 4 0.56564643532392334 0.40784212536214154 4 0.57019971039530315 0.40960402480159008 4 0.6178006934169783 0.42023822581205034 4 0.4961576736397636 0.43965238467446399 4 0.7243515923271806 0.43965238467446399 5 0.46498501062452241 0.47925991924898531 5 0.19118198698676958 0.48275618844914103 5 0.19118198698676958 0.48622492797055555 5 0.26461541249044912 0.49495527734141709 5 0.30774627334218041 0.49671717678086563 5 0.57867908370129062 0.50200516923910654 5 0.55116292570877068 0.5037120093210723 5 0.58906142946073115 0.5037120093210723 5 0.41899295779949314 0.50710045394615766 5 0.51087495273253691 0.50710045394615766 5 0.16335622825431295 0.50880729402812352 5 0.81825056809426133 0.50982589214155472 5 0.13004956892266861 0.51051413411008939 5 0.45937284349539548 0.51051413411008939 5 0.30066951690191812 0.51222097419205515 5 0.47659072383480111 0.51910138421085317 5 0.47659072383480111 0.52257012373226752 5 0.54919941898902158 0.52603886325368199 5 0.33116152896609957 0.53127724723083092 5 0.40880790406562895 0.53127724723083092 5 0.18970746116539988 0.53469115680875201 6 0.23844055263602365 0.554581476640715 6 0.2219947129931234 0.55628831672268075 6 0.59896799942091916 0.55628831672268075 6 0.31597370381630263 0.55793464657077307 6 0.67784140279084726 0.55793464657077307 6 0.31597370381630263 0.55969998722006431 6 0.68294040146378743 0.55969998722006431 6 0.37167124301282828 0.57726621639696263 6 0.42213642510958288 0.57903155704625386 6 0.49083811058832977 0.59148271685364551 6 0.38725600559778006 0.59489639701757713 6 0.54281939495717202 0.59489639701757713 6 0.54291719113684822 0.61075922732235222 6 0.51253487291591271 0.61414537780754253 6 0.13013978197611292 0.61585221788950828 6 0.78561579989544394 0.61585221788950828 6 0.34027710041420345 0.62096958139891012 6 0.19118198698676958 0.62628303880998681 7 0.19118198698676958 0.64733505602547858 7 0.43173012574094194 0.65265172523240833 7 0.19051441039128164 0.65444115435059835 7 0.26144488126432619 0.65953414491775453 7 0.26308061388989423 0.66646846722408748 7 0.60250369739815823 0.66646846722408759 7 0.38235142259219035 0.66825789634227761 7 0.6178006934169783 0.67718640434071953 7 0.78276977417460925 0.68616337375030589 7 0.51580960675594145 0.68787021383227176 7 0.58938737314513201 0.68787021383227176 7 0.27484557275103549 0.68951883782025913 7 0.34871372057747207 0.68951883782025913 7 0.27484557275103549 0.69128073725970784 7 0.46115605485181177 0.69128073725970773 7 0.30194413582659752 0.69307016637789776 7 0.30189144617364355 0.69483206581734624 7 0.58276769617565438 0.69483206581734624 7 0.57762359097599236 0.70552247325523687 8 0.19118198698676958 0.73804598830698909 8 0.2987790958298146 0.73804598830698898 8 0.54372557854184245 0.73804598830698898 8 0.19118198698676958 0.73980788774643758 8 0.2987790958298146 0.73980788774643758 8 0.61120415805686257 0.73980788774643758 8 0.55834009319982314 0.74157322839572881 8 0.6542302933204649 0.74336265751391883 8 0.3387164145896166 0.74867588551100595 8 0.42560858171874372 0.75043778495045455 8 0.16230269668235009 0.75396932884563772 8 0.58332309480033773 0.75396932884563772 8 0.19109177393332527 0.7573224987756958 8 0.38772916652591777 0.7573224987756958 8 0.50767644238549081 0.7573224987756958 8 0.66602375427675231 0.7573224987756958 8 0.19109177393332527 0.7590843982151444 8 0.39047164335062523 0.7590843982151444 8 0.51041891921019822 0.7590843982151444 8 0.67427393412956937 0.7590843982151444 8 0.21021694126352192 0.76084973886443574 8 0.34859474394177026 0.76084973886443563 8 0.39638961965657293 0.76263916798262565 8 0.24311764185466678 0.76781474758600576 8 0.24311764185466678 0.76957664702545447 8 0.31456337308078974 0.77134084060479813 8 0.26197177779386338 0.77313026972298815 8 0.61191723340973969 0.78203010097274117 8 0.28322231236578588 0.79621132673439687 8 0.42296233215104356 0.79621132673439676 8 0.60715934467366395 0.79621132673439676 8 0.19403768773072744 0.8013341411201893 8 0.61983362496481287 0.80474237040773022 8 0.23489021138054444 0.8065044992611683 8 0.65896608639562482 0.80829392837935821 9 0.24115099728958056 0.82915323784366035 9 0.70726811636305176 0.83094266696185037 9 0.60100616071098256 0.83802123560822883 

[2t6oJhi8RwCx+j2H6hpvHzvcgBrfmHCmkKmUduzBDt4=]
page=5
offset=0
zoom=1
rotate=0
pages-per-row=1
first-page-column=1:2
page-right-to-left=false
position-x=0.68132464712269269
position-y=0.49660986539027407
time=1629294142

[/home/zileto/Desktop/facts-and-formulas-1.pdf]
page=0
offset=0
zoom=1.3626492942453854
rotate=0
pages-per-row=1
first-page-column=1:2
page-right-to-left=false
position-x=0.5
position-y=0.070710180623973731
time=1629293898
jumplist=

[65nqorfRsKl/92HvJMovlZonLh9bp3HsS56IZJFSwoQ=]
page=0
offset=0
zoom=1.3626492942453854
rotate=0
pages-per-row=1
first-page-column=1:2
page-right-to-left=false
position-x=0.5
position-y=0.070710180623973731
time=1629293898
